30010300100303
31333310300330
33333311130333
10333333011303
10003103031131
31013003000103
13133300033333
31300313310330
30033010130030
00030003301001
30331310031303
31333013011333
33301133133110
31133333303333
13030310303303
13030033111033
11313103130333
13333000130313
03313130300000
30133333110333
10113330100133
31303133033331
03313330303333
10100010333333
11331031113033
00000130333103
01030333101031
33311303013133
01333301303303
13010301331333
01033030301333
01010131331331
03130331101003
13003013133331
00311111030130
00330103311330
01031133330011
30003333131300
13301113031130
33301331011030
00311303313333
33011030301331
00303100033100
33103031331013
03133000113330
30100300303333
13133310333301
01110333330031
00313113131113
00303000001000
33033013133031
00301330310131
30333100301001
13303033333130
13100103131313
30101333000330
13330103330311
33303133330010
13113033331331
33131313131311
00000130333033
13313010001101
33030003031311
01003000003333
10113013033103
13010030113103
13000330100133
30331010333331
30031010131033
33030101310113
01111033100311
31030313031103
30003003333331
13031303103313
03000333011033
03003033333111
30013331333311
81030313111033
30033311300101
03030133300331
10303031311803
31330330130131
30310311303000
30030130333130
03330313031031
30303000133330
30303301033033
01333111001111
01303011113031
03013130333031
03033030001131
03031303103133
30103011103333
00103331100313
13010310033330
30333133301033
10013013310013
01010303311103
11131333303103
33001031310300
30013030133113
10103303110033
30300133013313
03300000111333
11303000113133
03100000001083
10313333333333
00013010131013
03331103003313
00310110003330
11313033030313
30103330333010
03001110031310
33103333330330
13301113303110
00311333330333
30331031033311
13101133303001
00331300110300
31311310011331
31101113011030
03313033103111
13311110330301
10013300013333
33033111113133
00300331133331
33031131011031
33033303013030
11300313300133
30003310101333
01038000310311
03333308330331
33103330110033
13333113813101
31303031330133
33103333000100
13033330013133
03300331031113
30311030333113
30130300331113
33330001131003
03001333013011
30103301033313
11033031133330
33003331313010
11310330113333
30133103001033
03313101303033
30103330133330
00133130313330
33111331310330
31303301130033
11033031133310
03303030013130
10303333003133
31333100303103
33110031313303
01111131333313
30030131333303
03331301011310
30101133308818
31331101081103
31101331001303
33031013311301
33131803303888
30313313313033
01113033313003
01331103330110
10303303333313
33101113010311
31330103003133
00303130003310
31300130331300
33013030103003
30101300011303
11000333333100
01333313003103
03331303310130
10313133113313
13100333331008
03033000303330
31300130033333
33301188088883
30303001130331
31301333030100
30103033311100
00311003113013
31103113031131
13311330033030
13131133301033
31310101033130
13331310113333
33101000033301
01318131031300
03133310333001
03033331133013
33033313030311
01301301300000
01310130333300
13113000331110
31100013131103
30113031003331
13131311333330
13333131033001
13010131133030
13101001333300
13311333333311
30030010033030
31133303011330
01330180333301
33110033333133
31300333000333
11013333101030
33330310300333
13001333300133
33133010101133
30301013001133
13030300030313
31310333303103
31130331033300
03301303030333
00133000331001
13003030333330
30013300331030
10333101330003
10300330131130
01338100331103
33310013313333
00333111031001
01011113113113
03001333130133
03331000033113
33331113033103
11311111010330
13003031300101
00033130333033
10301330333333
11313133031301
00033313333030
01333313133313
10131331301330
11031103000311
03108133001033
33331313103003
30101010001303
30300313313030
30131313333331
13013330333333
33301133003013
30300103330303
30000001311313
10311333333003
03000133330331
00031000100330
33103003033103
11133101101131
13331131000313
30130033130313
10001331103313
00333130300130
13313330031130
33033033000313
11133131333310
33333101331303
31330303303303
33330103003333
11131331130333
10333033033310
13311133101303
10313030103330
13133300313001
33030333303333
11310101001300
30331303101333
33130313331101
31300310330100
01303303333030
33318033313130
33010303130310
31131313131331
00000330033310
13013033310011
31310113330308
33310330033310
33033303303310
11331303033130
30033033300101
33130030330113
01303113013303
01133011313313
03303013033033
31111300313313
13031133003103
13303331000003
00111130133033
13133311000313
11111311001330
13333331311333
08888888313130
13300103018830
33130333010331
33011010303010
33311113113333
03113310013303
03300131303133
11013333130133
33310333103113
03313300000031
01310311133033
30113311100011
33033010303133
30301133303030
83130311033301
33303131101301
01800330000310
01303113113313
33333313033331
33133031310103
33303313331033
11130331103101
33333333301111
30313303111303
13133013013333
10011113310130
01000010100310
33033333000033
31031303330111
10303301331113
33030330103303
33031130303311
03300131331030
13010301033133
30031100300011
03331113330030
00108801333333
30330303313130
00101000338301
13100311131001
30001311011110
11301188831313
13033331300018
33003133033103
30111303131031
13303033331310
33330331003333
13313108101003
33030330001113
00303333103333
00003333300313
03101110333313
10131110333031
03010301013113
10100013033330
03303133103331
01310101013313
31030133001330
33130130331331
31011131131130
30333303031313
31030310301300
03331333133133
33130011311103
33010010131010
31310030331133
11333013303300
03130013331110
03311101033300
03310333313038
33013183313031
13301130331031
33013311331030
30033333813131
33013003013130
30313330011303
31311330331130
33133331033331
31130033310000
00131313333100
10313113301330
30003331033011
00313131311101
10130033101311
33100303330133
10311110333303
31303313033030
03300033001101
03133333333331
33330033130313
33330103330301
30310133133111
01133013303133
03311330313330
13333110131111
33331013130333
03313133313131
31300033033333
10330100133133
11001303031133
31103101011103
10313011031313
31330000330331
10303131013333
13303310003000
03133303331303
03130303013303
31380313033113
30133303313300
00103313313131
30133030311011
33013300331113
31013333330330
10131300133311
01110110310301
30010033100311
13300311308033
33000033103313
01333030130103
10033311331333
30031103331131
30003333310033
11001333100331
13333333110031
31111003301103
31333330131303
11003300311313
31003013133333
03333003333311
03330033313000
03333033033110
31003031031301
10303130333010
11133133133033
13310333303133
10331010331333
33133033000113
00031303103303
30313130331110
00303031110033
00033011310133
13033333310033
31133313331311
33133330030330
10331110030331
10331331331333
33330331303313
31031333300030
00330333330103
33330313131111
11331133100333
03333333110100
13310033313130
30300300131131
30300011031111
31013010313113
13330313133030
11130303033313
33311100330110
13113130331113
01133333031331
33300000113310
30133033030003
01331330333013
33031333131330
00030330031103
33330131330310
33310013033331
31313133303003
13303333133303
33013003113130
10131113000113
33103131000001
01011033313313
30113313133130
33331013013013
01301001101010
30103333130333
33111010333001
13313308130313
31030033133130
00833033103031
30300001033333
30113031333033
33133101300133
11010310331331
33330101313003
33311310003301
30330030031033
10333130310133
03101011033333
33333303103133
30030113103113
08383000018330
88101131830310
88188333100310
01101133113333
33130330103031
31100313301330
13011131330333
30033300333133
31313183311303
31013003311031
13181133033333
10131333331311
33000033333030
01030310333300
33330300033013
30301103311003
00301330313003
11313031001101
33001131331031
00303031330303
13113331333313
13303330313131
30310310030133
03000311310331
30333330033003
33333331311033
30313333133133
33331030133030
33031013113300
03303331333133
10133331303313
33011113130303
01018303313300
10331131103313
03033301030133
30301131333133
03131131333133
33330110113333
30301001333003
00331113003333
01011301003010
30313130111031
30311300000003
11033111330010
10330303100313
11330133300333
13330133130331
33101013011313
10333031330303
00330300030313
00330100000301
13130031033133
33133311133010
13013000030330
10311303103313
33103000133333
13033301331331
33110338030133
33133101000333
01318113331103
31313110303303
31100103313313
10331313103000
01113313113330
03331303111333
01031103133331
01033013000101
30011310013333
11331003331113
31133130133331
33333000013033
30300333133003
03300001333130
13013331013033
13313003133313
03301333333313
30331133313330
03303033113303
00301333113333
30130113303333
30333313033301
31103103113331
00133003113313
03000311130033
33131103031303
00033133330010
10311031130330
10310031311113
10103333033031
31130303013130
31330303313333
03033003100310
03331300030313
11331313001131
30133033013033
33133133310330
13111133133330
10333100000313
30333331313113
31011130333300
33033311111133
13333313313313
00333031331103
31133103333013
11333131130311
03303013030113
33311331130131
31331113330111
03333333301131
10303133003013
31000330003311
33133303333333
30301013013103
33030131313131
03033130330133
30301031131303
30330313313333
30330031113333
31130333133333
31303300333311
33131311113001
11131813131030
11301000130333
03031133031130
01133133131333
80333133300331
30133330301033
13111333030331
83330833333311
33303031333883
30033330001303
00333311001301
11110130311000
00001010030333
33333103133003
13330031311133
30000313313003
03333110031003
11103310011033
03310313333101
33113303130301
31313301300010
10303303330030
33330301333310
33130100131010
03131013300113
10001301311013
30313111313103
03133113011101
33033301333003
00303330333303
03103133333311
33333333130031
00100133300303
00331303033013
31303333300310
30311001103331
00003033331303
11310013130313
01331313310130
30303331031310
30311030133303
10111313133133
00003333330330
31303031100333
33330133303313
03100331000303
10030013333101
30300331013330
30303033300330
01313131303303
01310311130030
33033000131330
13013310301333
10313133303300
30313311030303
00333133333001
00000301333110
31031303300003
33010103131000
01133303331313
00013013313033
33011103030001
01330330001031
31331001013133
13331333013113
30103101330330
31303331311133
13333003333313
33103033303311
10100131000030
03333133133013
30003333300101
30331110330033
33311330333333
13033103033011
30000300103310
01311113113033
31303100313330
33301313033003
30103310013303
31331330100333
01303030303303
33000330303313
33033033333133
11330300303110
03333030333000
03103311031333
31033311033133
10013333333030
30103303033003
00330313333331
13001010103033
33010331333130
31333101301330
01311033331031
31030101003031
31031333333133
10031300031033
33331030111331
03311101003110
13033003301333
03313331013101
33033030113310
31113310331030
03311310031311
31131113310001
30113110133111
33300113330113
01013303303110
30031110011033
31000133311333
33300001003313
00333300313013
10333011000301
13883110083383
03133310103031
01300313133313
33030033031130
31310130333331
31330313333133
31133013311103
33330001130033
33033100101331
03310333010300
30130333300110
33133033030303
11013030030303
33000131001001
13300310101033
10101331013313
13130113333300
33333103003133
03101301333133
30333331031303
00030003331100
11301030313303
03103113111100
13333313133130
33031133030330
00013138303313
33330033001003
31003303131333
01033001131031
33300013310013
33131300100333
33111313003033
30013300103313
11311301333033
30301331031130
13000303113030
03113110101033
30333033300033
03030000330033
31301303303331
11013033331000
31130013033310
30003001101313
01333333111033
30303310111330
13113031001101
00311110301001
13013303013310
33100331330013
31300330133011
33333001330301
00330333313300
31033030310333
03131310013101
33330303300130
30301013313033
33310331330330
13011301333030
03331330331133
11013013111113
30313330303301
31313311330330
31311311331101
03110030013013
30310311031133
10033303011033
33301000030330
33303031133300
30130001303330
00033033313300
33300330313331
10301333011333
31101313013113
03330300333000
31003113301033
11033303303010
00131103301303
03313103103333
11303300303333
30038103330003
10333130311110
10333311313030
33333133131333
31303011331103
30030033003331
13131030313313
03333030130330
30033113311301
31000011803313
13303130033030
10303330113331
31333013113001
30303101303131
00333103313333
13103333131003
30033310110101
03331300311130
01131103031100
13103011033310
33131030330133
00130311013313
00030300333033
03133133103303
11330303113330
33311131010031
13130331033301
03333010033301
01031110131331
10301030331331
03133303130330
30331033303133
03333331113133
33030303330013
31303311303003
31131003303131
13103331110303
31033333013013
01333313131031
30303303300030
13101030033330
83303333330103
80138018011331
13313313310103
01030110310100
30131303331330
00111111033010
33310011333030
13310301301030
30100131033133
33010331311130
01030133133333
11303103330130
10330303133010
30000330330113
11333331001300
31301033331030
00103003310333
00303100000103
33101303333000
11300000113330
31333331000303
30011111311013
30113133330003
31103133333033
11003113330331
10133313131331
30113333010301
30310013131311
30103101110101
30033133331030
30110001100310
03333011333033
01033313303100
13310330130303
31003301003130
01300031103031
11311330333331
13313103310310
10031330133333
13133103303330
03033033300011
33130113301313
11330013333031
11133313311333
10300003031003
00003331333330
31000133131301
00300313010303
03030331000033
03103313031301
10013311133303
00333333030300
13303330000113
13300038303300
33333333300330
13311103310003
30303033030113
11031013133103
33333010130333
33003031033030
03013100003013
33003130033000
38310010311333
11311113010333
10311013333133
33103331030330
30030000333013
11333310111310
33313030130333
33133103303330
33300000303311
00010333333113
33013013311333
11131033113311
13331011113013
31333103331003
03101110033333
03333100301300
11033030303300
33333033333113
33030031330101
01133333111103
10130330333031
10333030303113
13031303331113
33331131000331
01031310013101
33310301300333
00303133301030
08311130301300
01003010013331
33303113033003
31300311301033
30331331031113
31030311133131
11300131131331
33013301310331
03331010113000
10333331131330
13330133031333
11330333103033
13333011301031
03313300130311
30311303013110
31133313333301
03333033011133
10103131333103
03101313010300
10033111303103
30331311031331
01333303330310
03103003033101
31113303033100
31313013333313
31001331310313
01133333311313
13333011333110
33030111131131
11031003303033
11013100031333
00333103303030
13303133311333
33003010000133
33300331103001
13333330313110
11303301003111
00133330003031
33031303333330
13300133130333
33010330333338
03331031333131
33003101030313
10033303310131
31310033331303
00030031300333
31333330133300
33113011113133
03033331330310
13133330011111
31018130033331
31111131013033
13010030113033
10313130133133
31330081100103
33300003001031
33330000333030
38333331331310
13333303331311
13300011303131
03033111000113
13300313133013
33133033033033
33110110303013
13013000303133
01033303110333
11313330311111
03031301030030
13331113031031
13330303330010
00311133331033
33301333033301
33301010030111
00313311310313
31108088013033
33310333130033
10101133011113
33130113003033
11303111313033
33333100333333
33330111101303
01103310000100
30331330301333
13030301003003
33303010310131
13330313013003
01331030333330
33033133303303
30333311133003
30131100133313
03333110033033
33303103303101
13330330303110
33331303110010
13013300311301
33300003113133
30111030003300
11313303333001
80033033301011
83330303003000
10033133300033
13103330130303
13033313131313
01311310000030
01331311313310
30000031331313
03331313003113
31033330313333
01100003101110
03333303113033
01311301333100
33110033033313
31301130331100
03333030310130
10103333033331
01333331300330
13333310333010
03333113013311
10301101003031
03300333313330
30031330303333
11103311333300
13303133033130
31030303033011